//Wall;
-15.0  7.0  -15.0 0.0 1.0;
-15.0  0.0  -15.0 0.0 0.0;
-10    0.0  -15.0 1.0 0.0;
;
-15.0  7.0  -15.0 0.0 1.0;
-10    7.0  -15.0 1.0 1.0;
-10    0.0  -15.0 1.0 0.0;
;

-15.0  7.0  -25.0 0.0 1.0;
-15.0  0.0  -25.0 0.0 0.0;
15    0.0  -25.0 1.0 0.0;
;
-15.0  7.0  -25.0 0.0 1.0;
15    7.0  -25.0 1.0 1.0;
15    0.0  -25.0 1.0 0.0;
;

-8.0  7.0  -15.0 0.0 1.0;
-8.0  0.0  -15.0 0.0 0.0;
8    0.0  -15.0 1.0 0.0;
;
-8.0  7.0  -15.0 0.0 1.0;
8    7.0  -15.0 1.0 1.0;
8    0.0  -15.0 1.0 0.0;
;

10.0  7.0  -15.0 0.0 1.0;
10.0  0.0  -15.0 0.0 0.0;
15    0.0  -15.0 1.0 0.0;
;
10.0  7.0  -15.0 0.0 1.0;
15    7.0  -15.0 1.0 1.0;
15    0.0  -15.0 1.0 0.0;
;




//stena szadi;
//Wall;
15.0  7.0  15.0 0.0 1.0;
15.0  0.0  15.0 0.0 0.0;
-15    0.0  15.0 1.0 0.0;
;
15.0  7.0  15.0 0.0 1.0;
-15    7.0  15.0 1.0 1.0;
-15    0.0  15.0 1.0 0.0;
;


//bokovaia stena sleva;
//Wall;
-15.0  7.0  -25.0 0.0  1.0;
-15.0  0.0  -25.0 0.0 0.0;
-15.0  0.0   15.0 1.0 0.0;
;
-15.0  7.0  -25.0 0.0  1.0;
-15.0  7.0   15.0 1.0  1.0;
-15.0  0.0   15.0 1.0 0.0;
;


//bokovaia stena sprava;
//Wall;
15.0  7.0  -25.0 0.0  1.0;
15.0  0.0  -25.0 0.0 0.0;
15.0  0.0   15.0 1.0 0.0;
;
15.0  7.0  -25.0 0.0  1.0;
15.0  7.0   15.0 1.0  1.0;
15.0  0.0   15.0 1.0 0.0;
;
